(simular-juego-de-la-vida '((0 0 0 0 0) (0 0 1 0 0) (0 0 1 0 0) (0 0 1 0 0) (0 0 0 0 0)) 11)
Pruebas juego de la vida:
(setq matriz9x9
  '((0 0 0 0 0 0 0 0 0)
    (0 0 0 0 0 0 0 0 0)
    (0 0 0 0 1 0 0 0 0)
    (0 0 0 0 1 0 0 0 0)
    (0 0 0 0 1 0 0 0 0)
    (0 0 0 0 1 0 0 0 0)
    (0 0 0 0 1 0 0 0 0)
    (0 0 0 0 0 0 0 0 0)
    (0 0 0 0 0 0 0 0 0)))

(setq matriz-diamond 
  '(
    (0 0 0 0 0 0 0 0 0 0 0 0 0 0 0 0 0)
    (0 0 0 0 0 0 0 0 0 0 0 0 0 0 0 0 0)
    (0 0 0 0 0 0 0 0 1 0 0 0 0 0 0 0 0)
    (0 0 0 0 0 0 0 1 0 1 0 0 0 0 0 0 0)
    (0 0 0 0 0 0 1 0 1 0 1 0 0 0 0 0 0)
    (0 0 0 0 0 0 1 0 0 0 1 0 0 0 0 0 0)
    (0 0 0 0 1 1 0 0 1 0 0 1 1 0 0 0 0)
    (0 0 0 1 0 0 0 0 1 0 0 0 0 1 0 0 0)
    (0 0 1 0 1 0 1 1 0 1 1 0 1 0 1 0 0)
    (0 0 0 1 0 0 0 0 1 0 0 0 0 1 0 0 0)
    (0 0 0 0 1 1 0 0 1 0 0 1 1 0 0 0 0)
    (0 0 0 0 0 0 1 0 0 0 1 0 0 0 0 0 0)
    (0 0 0 0 0 0 1 0 1 0 1 0 0 0 0 0 0)
    (0 0 0 0 0 0 0 1 0 1 0 0 0 0 0 0 0)
    (0 0 0 0 0 0 0 0 1 0 0 0 0 0 0 0 0)
    (0 0 0 0 0 0 0 0 0 0 0 0 0 0 0 0 0)
    (0 0 0 0 0 0 0 0 0 0 0 0 0 0 0 0 0)
  )
)

(setq matriz-11x11
  '(
    (0 0 0 0 0 0 0 0 0 0 0)
    (0 0 0 0 0 0 0 0 0 0 0)
    (0 0 0 0 0 0 0 0 0 0 0)
    (0 0 0 0 0 1 0 0 0 0 0)
    (0 0 0 0 0 1 0 0 0 0 0)
    (0 0 0 0 0 1 0 0 0 0 0)
    (0 0 0 0 0 1 0 0 0 0 0)
    (0 0 0 0 0 1 0 0 0 0 0)
    (0 0 0 0 0 0 0 0 0 0 0)
    (0 0 0 0 0 0 0 0 0 0 0)
    (0 0 0 0 0 0 0 0 0 0 0)
  )
)
